deviceId: '123456789012'
baseLongitude: 12
baseLatitude: 23
enginePower: 5000
batteryPower: 9000
loadCapacity: 2000
canCarryLiquids: true
latitude: 21.002
longitude: 11.003
batteryCharge: 96.89059600710313
load: 40.54436254748417
