deviceId: '123456789012'
baseLongitude: 12
baseLatitude: 23
enginePower: 5000
batteryPower: 9000
loadCapacity: 2000
canCarryLiquids: true
latitude: 23.14991431041326
longitude: 12.149914310412935
batteryCharge: 94.26558641968637
